esbuild.config.mjs
  h_d9088715075e51 24
package-lock.json
  h_d9088715075e51 23,34,48,65,71,82,99,116,122,133,150,167,184,201,218,235,252,269,286,303,320,326,337,354,371,388,394,405,422,439,456,473,490,510,520,539,552,555,562,577,590,593,603,627,640,656,666,669,680,683,693,708,711,718,732,742,756,759,766,768-769,773,784,792,810,820,830,841,844,854,872,890,908,926,944,962,980,998,1016,1034,1052,1070,1088,1106,1124,1132,1139,1150,1160,1167,1170,1178,1185,1192,1199,1209,1219,1248,1258,1261,1283,1286,1305,1323,1340,1343,1365,1379,1382,1407,1410,1417,1420,1430,1433,1446,1449,1470,1488,1501,1529,1539,1552,1555,1562,1565,1579,1582,1595,1597-1598,1602,1605,1619,1642,1645,1663,1666,1685,1688,1704,1723,1740,1762,1772,1782,1798,1800-1801,1805,1808,1816,1819,1835,1838,1849,1866,1876,1886,1903,1916,1923,1930,1938,1941,1953,1971,1974,1989,2007,2025,2032,2050,2068,2079,2082,2092,2107,2117,2131,2134,2200,2219,2229,2239,2242,2267,2274,2277,2287,2290,2303,2306,2316,2319,2337,2379,2382,2392,2394,2396,2453,2469,2481,2491,2509,2519,2531,2553,2587,2597,2600,2607,2636,2639,2653,2656,2663,2665-2666,2670,2673,2686,2712,2715,2722,2735,2738,2751,2761,2803,2813,2828,2831,2842,2844-2845,2849,2852,2882,2885,2892,2902,2905,2919,2932,2935,2950,2953,2963,2976,2986,2996,2999,3006,3016,3018-3019,3023,3025-3026,3030,3037,3049-3050,3054,3072,3085,3102,3105,3116,3118-3119,3123,3139,3155,3158,3165,3168,3189,3192,3199,3202,3209,3212,3234,3237,3248,3251,3266,3279,3282,3292,3305,3322,3335,3342,3345,3355,3358,3365,3368,3378,3381,3394,3407,3423,3426,3436,3446,3463,3466,3473,3476,3488,3506,3526,3542,3545,3559,3562,3572,3575,3588,3606,3623,3626,3639,3642,3649,3665,3685,3698,3711,3714,3724,3727,3741,3744,3760,3773,3789,3806,3809,3824,3840,3843,3853,3856,3869,3872,3886,3888-3889,3893,3895-3896,3900,3918,3925,3938,3948,3950-3951,3955,3965,3968,3982,3984-3985,3989,3991-3992,3996,4003,4006,4016,4035,4048,4051,4066,4069,4082,4085,4092,4095,4106,4137,4159,4181,4203,4225,4247,4269,4291,4313,4335,4357,4379,4395,4397-4398,4402,4405,4415,4418,4425,4428,4435,4438,4448,4458,4465,4468,4475,4482,4491,4502,4509,4512,4528,4531,4538,4541,4548,4551,4561,4571,4592,4595,4608,4627,4642,4645,4661,4676,4690,4693,4708,4727,4730,4743,4746,4759,4772,4782,4792,4799,4807,4810,4820,4823,4830,4847,4860,4870,4882,4892,4894-4895,4899,4922,4932,4953,4956,4963,4966,4987,4990,4997,5007,5010,5017,5052,5055,5072,5088-5089,5093,5110,5120,5138,5141,5151,5154,5169,5172,5185,5200,5203,5213,5216,5223,5243,5260,5279,5299,5306,5317,5324,5326-5327,5331,5345,5373,5376,5384,5387,5407,5410,5426,5444,5447,5454,5467,5475,5488,5491,5501,5504,5518,5521,5532,5542,5552,5555,5569,5585,5598,5601,5611,5614,5624,5631,5644,5657,5672,5692,5695,5713,5716,5734,5737,5748,5751,5772,5775,5791,5793-5794,5798,5808,5887,5970,5978,5981,5994,5997,6014,6042,6061,6064,6083,6100,6110,6126,6143,6156,6159
src/settings.ts
  h_d9088715075e51 87,90-93,99,105,120,166-173
tests/settings.test.ts
  h_d9088715075e51 72-93
tsconfig.json
  h_d9088715075e51 16
---
{
  "schema_version": "authorship/3.0.0",
  "git_ai_version": "1.7.4",
  "base_commit_sha": "77913e56cd1c7ae45cfcc6ad6443e0b5d17c722a",
  "prompts": {},
  "humans": {
    "h_d9088715075e51": {
      "author": "leijieliu <leijieliu@tencent.com>"
    }
  }
}